M=  225   N=  119     RHO1= .6667   RHO2= 1.5000     ALPHA= .0500
P1= 0.4800     P2= 0.5294


POWNR= 0.10700461          POW= 0.16190059
