RHO1= 0.6667   RHO2=  1.5000        ALPHA= .0500
P1=   0.5000   P2=   0.5000
BETA= 0.60000000   LAMBDA=  3.00


M=  606     N=  202        POW= 0.60302663
