M=   150     N=   150          RHO1=    0.4286    RHO2=   2.3333
ALPHA= .05000      SW=   0.00100000      TOLRD=  0.10000E-05
TOL=    0.10000E-02      MAXH=     25




ALPH_0= 0.0599999998          NHST=      0     SIZE= 0.051019094884395599


ALPH_0= 0.0549999999          NHST=      1     SIZE= 0.043458320200443268


ALPH_0= 0.0574999998          NHST=      2     SIZE= 0.045849625021219254


ALPH_0= 0.0587499998          NHST=      3     SIZE= 0.049414701759815216


ALPH_0= 0.0574999998          NHST=      3     SIZE= 0.045849625021219254
