M=  345   N=  231     RHO1= .6667   RHO2= 1.5000     ALPHA= .0500
P1= 0.08410000     P2= 0.22940000


POWNR= 0.91937066          POW= 0.93523760
