RHO1= 0.6667   RHO2=  1.5000        ALPHA= .0500
P1=   0.70000000   P2=   0.50000000
BETA= 0.80000000   LAMBDA=  2.00


M=  404     N=  202        POW= 0.80152936
