M=  106   N=  107     EPS= 0.5000     ALPHA= 0.0500
P1= 0.924500     P2= 0.906500


POWNR= 0.50555866          POW= 0.57995954
