EPS=  0.5000        ALPHA= 0.0500
P1=   0.924500        P2= 0.906500
BETA= 0.80000000    LAMBDA=  1.00


M=  194     N=  194        POW= 0.80100459
